Online LMS training log (per iteration and per epoch)
==========================================================================================

Epoch 1
------------------------------------------------------------------------------------------
 i  |  x  |  t  |   w_before  |   b_before  |       y     |       e     |   J_sample  | dJ_dw_samp | dJ_db_samp |   w_after   |   b_after   
------------------------------------------------------------------------------------------
  1 |   1 |   1 |    0.100000 |    0.100000 |    0.200000 |    0.800000 |    0.320000 |  -0.800000 |  -0.800000 |    0.108000 |    0.108000
  2 |   2 |  -1 |    0.108000 |    0.108000 |    0.324000 |   -1.324000 |    0.876488 |   2.648000 |   1.324000 |    0.081520 |    0.094760
  3 |   3 |   1 |    0.081520 |    0.094760 |    0.339320 |    0.660680 |    0.218249 |  -1.982040 |  -0.660680 |    0.101340 |    0.101367
  4 |   4 |  -1 |    0.101340 |    0.101367 |    0.506728 |   -1.506728 |    1.135115 |   6.026914 |   1.506728 |    0.041071 |    0.086300
  5 |   5 |   1 |    0.041071 |    0.086300 |    0.291656 |    0.708344 |    0.250876 |  -3.541721 |  -0.708344 |    0.076488 |    0.093383
  6 |   6 |  -1 |    0.076488 |    0.093383 |    0.552314 |   -1.552314 |    1.204839 |   9.313883 |   1.552314 |   -0.016650 |    0.077860
------------------------------------------------------------------------------------------
Epoch summary:
   w_final   |   b_final   |  J_initial  |   J_final   | dJ_dw_final | dJ_db_final
   -0.016650 |    0.077860 |    3.995000 |    2.953625 |    3.119874 |    0.117501


Epoch 2
------------------------------------------------------------------------------------------
 i  |  x  |  t  |   w_before  |   b_before  |       y     |       e     |   J_sample  | dJ_dw_samp | dJ_db_samp |   w_after   |   b_after   
------------------------------------------------------------------------------------------
  1 |   1 |   1 |   -0.016650 |    0.077860 |    0.061209 |    0.938791 |    0.440664 |  -0.938791 |  -0.938791 |   -0.007262 |    0.087248
  2 |   2 |  -1 |   -0.007262 |    0.087248 |    0.072723 |   -1.072723 |    0.575367 |   2.145446 |   1.072723 |   -0.028717 |    0.076520
  3 |   3 |   1 |   -0.028717 |    0.076520 |   -0.009630 |    1.009630 |    0.509677 |  -3.028891 |  -1.009630 |    0.001572 |    0.086617
  4 |   4 |  -1 |    0.001572 |    0.086617 |    0.092905 |   -1.092905 |    0.597220 |   4.371619 |   1.092905 |   -0.042144 |    0.075688
  5 |   5 |   1 |   -0.042144 |    0.075688 |   -0.135033 |    1.135033 |    0.644150 |  -5.675166 |  -1.135033 |    0.014607 |    0.087038
  6 |   6 |  -1 |    0.014607 |    0.087038 |    0.174683 |   -1.174683 |    0.689940 |   7.048097 |   1.174683 |   -0.055874 |    0.075291
------------------------------------------------------------------------------------------
Epoch summary:
   w_final   |   b_final   |  J_initial  |   J_final   | dJ_dw_final | dJ_db_final
   -0.055874 |    0.075291 |    2.953625 |    2.903087 |   -0.503373 |   -0.721596


Epoch 3
------------------------------------------------------------------------------------------
 i  |  x  |  t  |   w_before  |   b_before  |       y     |       e     |   J_sample  | dJ_dw_samp | dJ_db_samp |   w_after   |   b_after   
------------------------------------------------------------------------------------------
  1 |   1 |   1 |   -0.055874 |    0.075291 |    0.019418 |    0.980582 |    0.480771 |  -0.980582 |  -0.980582 |   -0.046068 |    0.085097
  2 |   2 |  -1 |   -0.046068 |    0.085097 |   -0.007038 |   -0.992962 |    0.492986 |   1.985923 |   0.992962 |   -0.065927 |    0.075167
  3 |   3 |   1 |   -0.065927 |    0.075167 |   -0.122613 |    1.122613 |    0.630130 |  -3.367840 |  -1.122613 |   -0.032249 |    0.086394
  4 |   4 |  -1 |   -0.032249 |    0.086394 |   -0.042600 |   -0.957400 |    0.458307 |   3.829598 |   0.957400 |   -0.070544 |    0.076820
  5 |   5 |   1 |   -0.070544 |    0.076820 |   -0.275903 |    1.275903 |    0.813964 |  -6.379514 |  -1.275903 |   -0.006749 |    0.089579
  6 |   6 |  -1 |   -0.006749 |    0.089579 |    0.049083 |   -1.049083 |    0.550287 |   6.294495 |   1.049083 |   -0.069694 |    0.079088
------------------------------------------------------------------------------------------
Epoch summary:
   w_final   |   b_final   |  J_initial  |   J_final   | dJ_dw_final | dJ_db_final
   -0.069694 |    0.079088 |    2.903087 |    2.914937 |   -1.681338 |   -0.989054


